0,0
0,0
0,0
0,0
0,0
0,0
0,0
0,0
0,0
0,0
0,0
0,0
0,0
1,0
0,0
0,0
0,0
1,0
0,0
0,0
0,0
0,0
0,0
0,0
0,0
0,0
0,0
0,0
1,1
1,1
1,1
1,1
1,1
1,1
1,1
1,1
1,1
1,1
1,1
1,1
1,1
1,1
1,1
1,1
1,1
1,1
1,1
1,1
1,1
1,1
1,1
1,1
1,1
7,1
7,1
1,1
1,1
1,1
2,2
2,2
2,2
0,2
2,2
2,2
2,2
2,2
2,2
3,2
18,2
2,2
2,2
26,2
2,2
8,2
2,2
2,2
2,2
0,2
2,2
2,2
2,2
2,2
2,2
2,2
2,2
2,2
2,2
2,2
2,2
2,2
2,2
3,3
3,3
3,3
3,3
3,3
3,3
3,3
3,3
3,3
19,3
3,3
3,3
3,3
3,3
3,3
3,3
3,3
3,3
3,3
3,3
3,3
3,3
3,3
3,3
3,3
3,3
3,3
3,3
4,4
4,4
6,4
4,4
4,4
5,4
5,4
6,4
4,4
4,4
4,4
4,4
4,4
4,4
4,4
4,4
4,4
4,4
4,4
4,4
4,4
4,4
4,4
4,4
4,4
4,4
4,4
5,5
5,5
5,5
5,5
5,5
5,5
5,5
5,5
5,5
5,5
5,5
5,5
5,5
5,5
5,5
4,5
13,5
5,5
5,5
17,5
5,5
5,5
5,5
5,5
5,5
5,5
5,5
5,5
6,6
6,6
6,6
6,6
6,6
6,6
6,6
6,6
6,6
6,6
6,6
6,6
6,6
6,6
6,6
0,6
6,6
0,6
6,6
6,6
6,6
6,6
6,6
6,6
6,6
0,6
6,6
7,7
7,7
7,7
7,7
7,7
7,7
7,7
7,7
7,7
7,7
7,7
7,7
7,7
6,7
7,7
1,7
7,7
7,7
7,7
7,7
7,7
7,7
1,7
1,7
9,8
8,8
8,8
8,8
8,8
8,8
8,8
9,8
8,8
9,8
8,8
8,8
8,8
8,8
8,8
8,8
8,8
8,8
8,8
8,8
8,8
8,8
8,8
8,8
8,8
8,8
8,8
8,8
8,8
9,9
9,9
9,9
9,9
9,9
9,9
9,9
9,9
9,9
9,9
9,9
9,9
9,9
9,9
9,9
9,9
9,9
9,9
9,9
9,9
9,9
9,9
9,9
9,9
9,9
9,9
11,10
11,10
10,10
10,10
10,10
10,10
10,10
11,10
11,10
10,10
10,10
10,10
10,10
10,10
11,10
10,10
10,10
10,10
10,10
10,10
10,10
10,10
10,10
10,10
10,10
10,10
10,10
10,10
10,10
10,10
10,10
10,10
11,11
11,11
10,11
11,11
11,11
11,11
11,11
11,11
11,11
11,11
11,11
11,11
11,11
11,11
11,11
11,11
11,11
11,11
11,11
11,11
11,11
11,11
11,11
11,11
11,11
11,11
12,12
12,12
12,12
12,12
12,12
12,12
12,12
12,12
12,12
12,12
12,12
12,12
12,12
12,12
12,12
12,12
12,12
12,12
12,12
12,12
12,12
12,12
12,12
12,12
12,12
12,12
12,12
12,12
12,12
12,12
12,12
12,12
14,12
13,13
13,13
13,13
13,13
13,13
13,13
13,13
13,13
13,13
13,13
13,13
13,13
13,13
13,13
13,13
13,13
12,13
13,13
13,13
13,13
13,13
13,13
13,13
13,13
13,13
13,13
13,13
13,13
13,13
14,14
14,14
14,14
14,14
14,14
14,14
14,14
14,14
14,14
14,14
14,14
14,14
14,14
14,14
14,14
14,14
14,14
14,14
14,14
14,14
14,14
14,14
14,14
14,14
14,14
14,14
15,15
15,15
15,15
15,15
15,15
15,15
15,15
15,15
15,15
15,15
15,15
15,15
15,15
15,15
15,15
14,15
14,15
15,15
15,15
15,15
15,15
15,15
15,15
15,15
15,15
15,15
15,15
15,15
16,16
16,16
16,16
16,16
16,16
16,16
16,16
16,16
16,16
16,16
16,16
16,16
16,16
16,16
16,16
16,16
16,16
16,16
16,16
16,16
16,16
16,16
16,16
16,16
16,16
16,16
16,16
16,16
4,16
16,16
16,16
16,16
17,17
17,17
17,17
17,17
17,17
17,17
17,17
17,17
17,17
17,17
17,17
17,17
17,17
17,17
17,17
17,17
17,17
17,17
17,17
17,17
19,17
17,17
17,17
17,17
17,17
17,17
17,17
17,17
5,17
17,17
17,17
17,17
5,17
17,17
17,17
17,17
18,18
18,18
18,18
18,18
18,18
18,18
18,18
18,18
18,18
18,18
18,18
18,18
18,18
18,18
18,18
18,18
18,18
18,18
18,18
18,18
18,18
18,18
18,18
18,18
18,18
18,18
6,18
18,18
6,18
18,18
18,18
19,19
19,19
19,19
19,19
19,19
19,19
3,19
19,19
19,19
19,19
19,19
19,19
19,19
19,19
19,19
19,19
19,19
19,19
19,19
19,19
19,19
19,19
19,19
19,19
19,19
19,19
19,19
19,19
19,19
19,19
20,20
20,20
20,20
20,20
20,20
20,20
20,20
20,20
20,20
20,20
20,20
20,20
20,20
20,20
20,20
20,20
20,20
20,20
20,20
20,20
20,20
20,20
20,20
20,20
20,20
6,20
20,20
20,20
20,20
20,20
20,20
20,20
20,20
21,21
21,21
21,21
21,21
21,21
21,21
21,21
21,21
21,21
21,21
21,21
21,21
21,21
21,21
21,21
21,21
21,21
21,21
21,21
21,21
21,21
21,21
21,21
21,21
21,21
21,21
21,21
21,21
21,21
21,21
21,21
21,21
21,21
21,21
21,21
21,21
22,22
22,22
22,22
22,22
22,22
22,22
22,22
22,22
22,22
22,22
22,22
22,22
22,22
22,22
22,22
22,22
22,22
22,22
22,22
22,22
22,22
22,22
22,22
22,22
22,22
22,22
22,22
22,22
23,23
23,23
23,23
23,23
23,23
23,23
23,23
23,23
23,23
23,23
23,23
23,23
23,23
23,23
23,23
23,23
23,23
23,23
23,23
23,23
23,23
23,23
23,23
23,23
23,23
23,23
23,23
23,23
23,23
24,24
24,24
24,24
24,24
24,24
24,24
24,24
24,24
24,24
24,24
24,24
24,24
24,24
24,24
24,24
24,24
24,24
24,24
24,24
24,24
24,24
24,24
24,24
24,24
24,24
24,24
24,24
24,24
25,25
25,25
25,25
25,25
25,25
25,25
25,25
25,25
25,25
25,25
25,25
25,25
25,25
25,25
25,25
25,25
25,25
25,25
25,25
25,25
25,25
25,25
25,25
25,25
25,25
25,25
25,25
25,25
25,25
25,25
26,26
26,26
26,26
26,26
26,26
26,26
26,26
26,26
26,26
26,26
26,26
26,26
26,26
26,26
26,26
26,26
9,26
26,26
26,26
26,26
26,26
26,26
26,26
26,26
26,26
26,26
26,26
26,26
26,26
26,26
26,26
26,26
26,26
26,26
26,26
26,26
26,26
26,26
27,27
27,27
27,27
27,27
27,27
27,27
27,27
27,27
27,27
27,27
27,27
27,27
27,27
27,27
27,27
27,27
27,27
27,27
27,27
27,27
27,27
27,27
27,27
27,27
27,27
27,27
27,27
27,27
27,27
27,27
27,27
27,27
27,27
27,27
27,27
