0,0
0,0
0,0
0,0
0,0
1,0
0,0
1,0
0,0
0,0
0,0
0,0
0,0
0,0
0,0
0,0
0,0
0,0
0,0
5,0
0,0
0,0
0,0
0,0
0,0
0,0
0,0
0,0
0,0
0,0
0,0
0,0
0,0
0,0
0,0
0,0
0,0
0,0
0,0
0,0
0,0
0,0
0,0
1,0
0,0
0,0
0,0
0,0
0,0
0,0
0,0
0,0
0,0
3,0
0,0
0,0
0,0
0,0
1,1
1,1
1,1
1,1
1,1
1,1
1,1
1,1
1,1
1,1
1,1
1,1
1,1
13,1
1,1
0,1
1,1
3,1
1,1
1,1
1,1
1,1
1,1
1,1
1,1
1,1
1,1
1,1
1,1
1,1
1,1
1,1
1,1
1,1
1,1
1,1
1,1
1,1
1,1
1,1
1,1
1,1
1,1
1,1
1,1
1,1
1,1
1,1
1,1
1,1
1,1
1,1
1,1
1,1
1,1
1,1
1,1
1,1
1,1
1,1
1,1
2,2
2,2
2,2
2,2
2,2
2,2
2,2
2,2
2,2
2,2
2,2
2,2
2,2
2,2
2,2
2,2
2,2
2,2
2,2
2,2
2,2
2,2
2,2
2,2
2,2
2,2
2,2
2,2
2,2
2,2
2,2
2,2
2,2
2,2
2,2
2,2
2,2
2,2
2,2
2,2
2,2
2,2
2,2
6,2
2,2
2,2
2,2
2,2
2,2
2,2
2,2
2,2
2,2
2,2
2,2
3,3
3,3
3,3
3,3
3,3
3,3
3,3
3,3
3,3
3,3
3,3
3,3
3,3
3,3
3,3
0,3
0,3
0,3
3,3
3,3
3,3
3,3
3,3
3,3
3,3
3,3
1,3
3,3
3,3
3,3
3,3
3,3
3,3
3,3
3,3
3,3
3,3
3,3
3,3
3,3
3,3
3,3
0,3
3,3
3,3
3,3
3,3
3,3
3,3
0,3
0,3
4,4
4,4
4,4
4,4
4,4
4,4
4,4
4,4
4,4
4,4
4,4
4,4
4,4
4,4
13,4
4,4
4,4
4,4
4,4
4,4
4,4
4,4
4,4
4,4
4,4
13,4
7,4
4,4
4,4
4,4
4,4
4,4
4,4
4,4
4,4
4,4
4,4
4,4
4,4
4,4
4,4
4,4
4,4
4,4
4,4
4,4
4,4
4,4
4,4
4,4
4,4
4,4
4,4
4,4
4,4
5,5
5,5
5,5
5,5
5,5
5,5
5,5
5,5
5,5
5,5
5,5
5,5
5,5
5,5
5,5
5,5
5,5
5,5
5,5
5,5
5,5
5,5
5,5
5,5
5,5
5,5
5,5
5,5
5,5
5,5
5,5
5,5
5,5
5,5
5,5
5,5
1,5
5,5
2,5
5,5
5,5
5,5
5,5
5,5
5,5
5,5
5,5
5,5
5,5
5,5
5,5
5,5
5,5
5,5
5,5
5,5
5,5
5,5
6,6
6,6
6,6
6,6
6,6
6,6
6,6
6,6
6,6
6,6
6,6
6,6
6,6
6,6
6,6
6,6
6,6
6,6
6,6
6,6
6,6
6,6
5,6
6,6
6,6
6,6
6,6
6,6
6,6
6,6
6,6
6,6
1,6
6,6
6,6
6,6
6,6
6,6
6,6
6,6
6,6
6,6
6,6
6,6
6,6
6,6
6,6
6,6
6,6
6,6
6,6
11,6
6,6
6,6
6,6
6,6
6,6
6,6
6,6
6,6
6,6
6,6
7,7
7,7
7,7
7,7
7,7
7,7
7,7
7,7
7,7
7,7
7,7
7,7
7,7
7,7
7,7
7,7
7,7
7,7
7,7
7,7
4,7
7,7
7,7
7,7
7,7
7,7
7,7
7,7
7,7
7,7
7,7
7,7
7,7
7,7
7,7
7,7
7,7
7,7
7,7
7,7
7,7
7,7
7,7
7,7
7,7
7,7
7,7
7,7
7,7
7,7
7,7
7,7
7,7
7,7
8,8
8,8
8,8
8,8
8,8
8,8
8,8
8,8
8,8
2,8
8,8
8,8
8,8
8,8
8,8
8,8
8,8
8,8
8,8
8,8
8,8
8,8
8,8
2,8
8,8
8,8
2,8
8,8
2,8
2,8
2,8
8,8
8,8
8,8
8,8
8,8
8,8
8,8
8,8
8,8
8,8
8,8
8,8
8,8
8,8
8,8
8,8
8,8
8,8
8,8
8,8
8,8
9,8
8,8
8,8
8,8
8,8
8,8
8,8
8,8
2,8
2,8
2,8
1,8
2,8
2,8
8,8
8,8
9,9
9,9
9,9
9,9
9,9
1,9
9,9
12,9
9,9
9,9
9,9
9,9
9,9
9,9
9,9
9,9
9,9
0,9
9,9
9,9
9,9
9,9
9,9
9,9
9,9
9,9
9,9
9,9
1,9
9,9
9,9
9,9
9,9
9,9
9,9
9,9
4,9
9,9
1,9
9,9
9,9
9,9
9,9
4,9
0,9
1,9
1,9
9,9
9,9
9,9
9,9
9,9
9,9
9,9
9,9
9,9
1,9
9,9
1,9
1,9
1,9
10,10
10,10
10,10
10,10
10,10
10,10
10,10
10,10
10,10
10,10
10,10
10,10
10,10
10,10
10,10
10,10
10,10
10,10
10,10
10,10
10,10
10,10
10,10
12,10
10,10
3,10
7,10
10,10
10,10
10,10
10,10
10,10
1,10
10,10
10,10
10,10
10,10
10,10
10,10
10,10
10,10
10,10
10,10
10,10
10,10
10,10
10,10
10,10
10,10
10,10
10,10
10,10
7,10
10,10
4,10
10,10
10,10
10,10
10,10
10,10
10,10
10,10
10,10
10,10
10,10
10,10
10,10
10,10
10,10
11,11
11,11
11,11
11,11
11,11
11,11
11,11
11,11
11,11
11,11
11,11
11,11
11,11
11,11
11,11
11,11
11,11
11,11
11,11
11,11
11,11
11,11
11,11
11,11
11,11
11,11
11,11
11,11
11,11
11,11
11,11
11,11
11,11
11,11
11,11
11,11
11,11
11,11
11,11
11,11
11,11
11,11
11,11
11,11
11,11
11,11
11,11
11,11
11,11
11,11
11,11
11,11
11,11
11,11
11,11
11,11
11,11
12,12
12,12
12,12
12,12
12,12
12,12
12,12
12,12
12,12
12,12
12,12
12,12
12,12
12,12
12,12
12,12
12,12
12,12
10,12
12,12
12,12
7,12
8,12
12,12
12,12
12,12
12,12
12,12
12,12
12,12
12,12
12,12
12,12
12,12
12,12
12,12
12,12
12,12
12,12
12,12
12,12
12,12
12,12
12,12
12,12
12,12
12,12
12,12
12,12
12,12
12,12
12,12
12,12
12,12
12,12
12,12
12,12
12,12
13,13
13,13
13,13
13,13
13,13
13,13
13,13
13,13
13,13
13,13
13,13
13,13
13,13
13,13
13,13
13,13
1,13
13,13
13,13
13,13
13,13
13,13
13,13
13,13
13,13
13,13
13,13
13,13
13,13
13,13
13,13
13,13
13,13
13,13
13,13
13,13
13,13
13,13
13,13
13,13
13,13
13,13
13,13
13,13
13,13
13,13
13,13
13,13
13,13
13,13
13,13
13,13
13,13
13,13
13,13
13,13
13,13
13,13
13,13
13,13
13,13
13,13
13,13
13,13
13,13
13,13
13,13
13,13
13,13
13,13
13,13
13,13
13,13
