0,0
0,0
0,0
0,0
0,0
9,0
0,0
9,0
0,0
0,0
0,0
0,0
0,0
0,0
0,0
0,0
0,0
0,0
9,0
0,0
0,0
0,0
5,0
0,0
0,0
0,0
0,0
0,0
0,0
0,0
0,0
0,0
0,0
9,0
0,0
0,0
0,0
0,0
0,0
0,0
0,0
0,0
0,0
0,0
0,0
0,0
0,0
0,0
0,0
0,0
0,0
0,0
0,0
3,0
0,0
0,0
0,0
0,0
1,1
9,1
9,1
1,1
9,1
1,1
1,1
1,1
1,1
1,1
12,1
1,1
1,1
0,1
1,1
1,1
3,1
9,1
1,1
9,1
9,1
9,1
9,1
9,1
9,1
1,1
1,1
1,1
1,1
1,1
1,1
1,1
1,1
9,1
8,1
9,1
9,1
1,1
1,1
12,1
1,1
9,1
1,1
1,1
1,1
1,1
1,1
1,1
1,1
1,1
1,1
1,1
1,1
1,1
1,1
1,1
1,1
1,1
1,1
1,1
1,1
2,2
2,2
2,2
2,2
2,2
2,2
2,2
2,2
2,2
2,2
2,2
2,2
2,2
2,2
2,2
8,2
2,2
2,2
6,2
2,2
2,2
2,2
2,2
2,2
2,2
2,2
2,2
2,2
2,2
2,2
2,2
2,2
2,2
2,2
2,2
2,2
2,2
2,2
2,2
2,2
2,2
2,2
8,2
2,2
2,2
2,2
2,2
2,2
2,2
2,2
2,2
2,2
2,2
2,2
2,2
3,3
3,3
3,3
3,3
3,3
3,3
3,3
3,3
3,3
3,3
3,3
3,3
3,3
3,3
3,3
0,3
0,3
0,3
3,3
3,3
3,3
3,3
3,3
3,3
3,3
3,3
3,3
3,3
3,3
3,3
3,3
3,3
3,3
3,3
3,3
3,3
3,3
3,3
3,3
3,3
3,3
3,3
1,3
0,3
3,3
3,3
3,3
3,3
3,3
0,3
0,3
4,4
4,4
4,4
4,4
4,4
4,4
4,4
4,4
4,4
4,4
4,4
6,4
4,4
4,4
6,4
4,4
4,4
4,4
4,4
4,4
4,4
4,4
4,4
4,4
4,4
4,4
4,4
4,4
7,4
4,4
4,4
4,4
4,4
4,4
4,4
4,4
4,4
4,4
4,4
4,4
4,4
4,4
4,4
4,4
4,4
4,4
4,4
4,4
4,4
4,4
4,4
4,4
4,4
4,4
4,4
5,5
5,5
5,5
5,5
5,5
5,5
5,5
5,5
5,5
5,5
5,5
5,5
5,5
5,5
5,5
5,5
5,5
5,5
5,5
5,5
5,5
5,5
5,5
5,5
5,5
5,5
5,5
5,5
5,5
5,5
5,5
5,5
5,5
5,5
0,5
5,5
0,5
5,5
0,5
5,5
5,5
5,5
5,5
5,5
5,5
5,5
5,5
5,5
5,5
5,5
5,5
5,5
5,5
5,5
5,5
5,5
5,5
5,5
6,6
6,6
6,6
6,6
6,6
6,6
6,6
6,6
6,6
6,6
6,6
6,6
6,6
6,6
6,6
6,6
6,6
6,6
6,6
6,6
12,6
6,6
5,6
4,6
6,6
6,6
6,6
6,6
4,6
6,6
8,6
7,6
6,6
6,6
6,6
6,6
6,6
6,6
6,6
6,6
6,6
6,6
6,6
6,6
6,6
6,6
6,6
6,6
5,6
5,6
6,6
12,6
12,6
6,6
6,6
6,6
6,6
6,6
6,6
6,6
6,6
6,6
7,7
7,7
7,7
7,7
7,7
7,7
7,7
7,7
7,7
7,7
7,7
7,7
11,7
7,7
7,7
7,7
7,7
8,7
7,7
7,7
5,7
7,7
7,7
7,7
7,7
7,7
7,7
7,7
7,7
7,7
7,7
7,7
7,7
7,7
7,7
7,7
10,7
7,7
7,7
7,7
7,7
7,7
7,7
7,7
1,7
7,7
7,7
7,7
7,7
7,7
7,7
7,7
7,7
7,7
8,8
8,8
8,8
1,8
8,8
8,8
8,8
8,8
8,8
8,8
8,8
8,8
11,8
8,8
8,8
8,8
8,8
8,8
8,8
2,8
8,8
8,8
8,8
8,8
8,8
8,8
8,8
8,8
8,8
8,8
8,8
8,8
8,8
8,8
8,8
8,8
8,8
8,8
8,8
8,8
8,8
8,8
8,8
8,8
8,8
8,8
8,8
8,8
8,8
8,8
8,8
8,8
9,8
8,8
8,8
8,8
8,8
8,8
8,8
8,8
8,8
8,8
8,8
8,8
1,8
8,8
8,8
8,8
9,9
9,9
9,9
9,9
9,9
9,9
1,9
9,9
9,9
9,9
9,9
9,9
9,9
9,9
0,9
9,9
9,9
9,9
9,9
9,9
9,9
9,9
9,9
9,9
9,9
9,9
1,9
1,9
1,9
9,9
9,9
9,9
9,9
9,9
9,9
9,9
4,9
9,9
9,9
9,9
9,9
12,9
9,9
9,9
0,9
9,9
9,9
9,9
9,9
9,9
9,9
9,9
9,9
9,9
9,9
9,9
1,9
9,9
1,9
9,9
9,9
10,10
12,10
10,10
10,10
10,10
10,10
10,10
10,10
11,10
10,10
10,10
11,10
10,10
10,10
10,10
10,10
7,10
11,10
12,10
10,10
10,10
10,10
10,10
7,10
10,10
10,10
10,10
7,10
10,10
10,10
10,10
10,10
10,10
10,10
10,10
10,10
10,10
10,10
10,10
10,10
10,10
10,10
10,10
10,10
10,10
10,10
10,10
10,10
10,10
10,10
8,10
10,10
12,10
12,10
7,10
10,10
10,10
10,10
10,10
10,10
10,10
10,10
10,10
10,10
10,10
10,10
10,10
10,10
10,10
11,11
11,11
11,11
9,11
11,11
11,11
11,11
11,11
11,11
11,11
11,11
11,11
11,11
0,11
11,11
11,11
11,11
11,11
11,11
11,11
11,11
11,11
11,11
11,11
11,11
11,11
9,11
11,11
11,11
11,11
11,11
11,11
11,11
11,11
11,11
11,11
11,11
10,11
11,11
11,11
10,11
10,11
11,11
11,11
11,11
11,11
11,11
11,11
11,11
11,11
11,11
11,11
11,11
11,11
11,11
11,11
11,11
12,12
5,12
12,12
12,12
12,12
11,12
12,12
12,12
6,12
6,12
12,12
11,12
12,12
12,12
12,12
12,12
11,12
12,12
7,12
7,12
12,12
12,12
12,12
12,12
12,12
12,12
12,12
12,12
12,12
12,12
12,12
12,12
12,12
12,12
12,12
12,12
12,12
12,12
12,12
12,12
12,12
4,12
0,12
12,12
12,12
0,12
12,12
12,12
12,12
12,12
12,12
12,12
12,12
12,12
12,12
12,12
7,12
12,12
13,13
13,13
13,13
13,13
13,13
13,13
13,13
12,13
13,13
13,13
13,13
13,13
8,13
8,13
8,13
13,13
13,13
13,13
13,13
13,13
13,13
13,13
13,13
13,13
13,13
13,13
13,13
13,13
13,13
13,13
13,13
13,13
13,13
13,13
13,13
13,13
13,13
13,13
13,13
13,13
13,13
10,13
13,13
13,13
13,13
13,13
13,13
13,13
13,13
13,13
13,13
13,13
13,13
13,13
13,13
13,13
13,13
13,13
13,13
13,13
13,13
13,13
13,13
13,13
13,13
13,13
13,13
13,13
13,13
13,13
13,13
13,13
13,13
