0,0
0,0
0,0
0,0
0,0
0,0
0,0
0,0
0,0
0,0
0,0
0,0
11,0
1,0
0,0
0,0
0,0
1,0
0,0
0,0
0,0
0,0
0,0
0,0
0,0
0,0
0,0
0,0
1,1
1,1
1,1
1,1
1,1
1,1
1,1
1,1
1,1
1,1
1,1
1,1
1,1
1,1
1,1
1,1
1,1
1,1
1,1
1,1
1,1
1,1
1,1
1,1
1,1
7,1
1,1
1,1
1,1
1,1
18,2
18,2
0,2
18,2
0,2
2,2
2,2
2,2
2,2
9,2
18,2
2,2
4,2
6,2
2,2
8,2
2,2
2,2
2,2
2,2
0,2
0,2
2,2
2,2
2,2
2,2
2,2
2,2
2,2
2,2
2,2
2,2
2,2
19,3
3,3
3,3
3,3
3,3
3,3
3,3
3,3
3,3
3,3
3,3
3,3
3,3
3,3
3,3
3,3
3,3
3,3
3,3
3,3
3,3
3,3
3,3
3,3
3,3
3,3
3,3
3,3
4,4
4,4
5,4
4,4
4,4
5,4
5,4
5,4
4,4
4,4
4,4
4,4
4,4
4,4
4,4
16,4
2,4
4,4
4,4
4,4
4,4
4,4
4,4
4,4
4,4
4,4
4,4
5,5
5,5
5,5
5,5
5,5
5,5
5,5
5,5
5,5
5,5
5,5
5,5
5,5
5,5
5,5
6,5
5,5
5,5
5,5
16,5
5,5
5,5
5,5
5,5
5,5
5,5
5,5
5,5
6,6
6,6
6,6
6,6
6,6
6,6
6,6
6,6
6,6
6,6
6,6
6,6
6,6
6,6
6,6
0,6
6,6
0,6
6,6
6,6
6,6
6,6
6,6
6,6
6,6
0,6
2,6
7,7
6,7
7,7
7,7
7,7
7,7
7,7
7,7
7,7
7,7
7,7
7,7
7,7
7,7
7,7
2,7
7,7
7,7
7,7
7,7
7,7
7,7
1,7
1,7
9,8
9,8
8,8
8,8
8,8
8,8
8,8
8,8
8,8
8,8
8,8
8,8
8,8
8,8
8,8
8,8
8,8
8,8
12,8
8,8
8,8
8,8
8,8
8,8
8,8
8,8
8,8
8,8
8,8
9,9
9,9
9,9
9,9
9,9
9,9
9,9
9,9
9,9
8,9
9,9
9,9
9,9
9,9
9,9
9,9
9,9
9,9
9,9
9,9
9,9
9,9
9,9
9,9
9,9
9,9
11,10
10,10
10,10
10,10
10,10
10,10
10,10
10,10
11,10
10,10
10,10
10,10
10,10
10,10
11,10
10,10
10,10
10,10
10,10
10,10
10,10
10,10
10,10
10,10
10,10
10,10
10,10
10,10
10,10
10,10
10,10
10,10
11,11
11,11
10,11
11,11
11,11
11,11
11,11
11,11
11,11
11,11
11,11
10,11
11,11
11,11
11,11
11,11
11,11
11,11
11,11
11,11
11,11
11,11
11,11
11,11
11,11
11,11
12,12
12,12
12,12
12,12
12,12
12,12
12,12
12,12
12,12
12,12
13,12
12,12
13,12
12,12
12,12
12,12
12,12
12,12
12,12
12,12
12,12
12,12
12,12
12,12
12,12
12,12
12,12
12,12
12,12
12,12
13,12
12,12
12,12
13,13
13,13
13,13
13,13
13,13
13,13
13,13
13,13
13,13
13,13
13,13
13,13
13,13
13,13
13,13
13,13
13,13
13,13
13,13
13,13
13,13
13,13
13,13
13,13
13,13
13,13
13,13
13,13
13,13
14,14
14,14
14,14
14,14
14,14
14,14
14,14
14,14
14,14
14,14
14,14
14,14
14,14
14,14
14,14
14,14
14,14
14,14
14,14
14,14
14,14
14,14
14,14
14,14
14,14
14,14
15,15
15,15
15,15
15,15
15,15
15,15
15,15
15,15
15,15
15,15
15,15
15,15
15,15
15,15
15,15
15,15
15,15
15,15
15,15
15,15
15,15
15,15
15,15
15,15
15,15
15,15
15,15
15,15
16,16
16,16
16,16
16,16
16,16
16,16
16,16
16,16
16,16
16,16
16,16
16,16
16,16
17,16
16,16
16,16
16,16
16,16
16,16
16,16
16,16
16,16
16,16
16,16
16,16
16,16
16,16
16,16
4,16
4,16
16,16
2,16
17,17
17,17
17,17
17,17
17,17
17,17
17,17
17,17
17,17
17,17
17,17
17,17
17,17
17,17
17,17
17,17
17,17
17,17
17,17
17,17
19,17
17,17
17,17
17,17
17,17
17,17
17,17
17,17
5,17
17,17
5,17
5,17
5,17
5,17
17,17
17,17
18,18
18,18
18,18
18,18
18,18
18,18
19,18
18,18
18,18
18,18
18,18
18,18
18,18
18,18
18,18
18,18
18,18
18,18
18,18
18,18
18,18
18,18
18,18
18,18
18,18
18,18
18,18
18,18
2,18
18,18
18,18
19,19
19,19
19,19
19,19
19,19
19,19
3,19
19,19
19,19
19,19
19,19
19,19
19,19
19,19
19,19
19,19
19,19
19,19
19,19
19,19
19,19
19,19
19,19
19,19
19,19
3,19
19,19
3,19
19,19
3,19
20,20
20,20
20,20
20,20
20,20
20,20
20,20
20,20
20,20
20,20
20,20
20,20
20,20
20,20
20,20
20,20
20,20
20,20
20,20
20,20
20,20
20,20
20,20
20,20
20,20
6,20
14,20
20,20
20,20
20,20
20,20
20,20
8,20
21,21
21,21
21,21
21,21
21,21
21,21
21,21
21,21
21,21
21,21
21,21
21,21
21,21
21,21
21,21
21,21
21,21
21,21
21,21
21,21
21,21
21,21
21,21
21,21
21,21
21,21
21,21
21,21
21,21
21,21
21,21
21,21
21,21
21,21
21,21
21,21
22,22
22,22
22,22
22,22
22,22
22,22
22,22
22,22
22,22
22,22
22,22
22,22
22,22
22,22
22,22
22,22
22,22
22,22
22,22
22,22
22,22
22,22
22,22
22,22
22,22
22,22
22,22
22,22
23,23
23,23
23,23
23,23
23,23
23,23
23,23
23,23
23,23
23,23
23,23
23,23
23,23
23,23
23,23
23,23
23,23
23,23
23,23
23,23
23,23
23,23
23,23
23,23
23,23
23,23
23,23
23,23
23,23
24,24
24,24
24,24
24,24
24,24
24,24
24,24
24,24
24,24
24,24
24,24
24,24
24,24
24,24
24,24
24,24
24,24
24,24
24,24
24,24
24,24
24,24
24,24
24,24
24,24
24,24
24,24
24,24
25,25
25,25
25,25
25,25
25,25
25,25
25,25
25,25
25,25
25,25
25,25
25,25
25,25
25,25
25,25
25,25
25,25
25,25
25,25
25,25
25,25
25,25
25,25
25,25
25,25
25,25
25,25
25,25
25,25
25,25
26,26
26,26
26,26
26,26
26,26
26,26
26,26
26,26
26,26
26,26
26,26
26,26
26,26
26,26
26,26
26,26
26,26
26,26
26,26
26,26
26,26
26,26
26,26
26,26
26,26
26,26
26,26
26,26
26,26
26,26
26,26
26,26
26,26
26,26
26,26
26,26
26,26
26,26
27,27
27,27
27,27
27,27
26,27
27,27
27,27
27,27
27,27
27,27
27,27
27,27
27,27
27,27
27,27
27,27
27,27
27,27
27,27
27,27
27,27
27,27
27,27
27,27
27,27
27,27
27,27
27,27
27,27
27,27
27,27
27,27
27,27
27,27
27,27
