0,0
0,0
0,0
0,0
0,0
18,0
0,0
18,0
0,0
0,0
0,0
0,0
0,0
25,0
0,0
0,0
0,0
16,0
18,0
0,0
18,0
0,0
10,0
0,0
0,0
0,0
0,0
0,0
1,1
1,1
1,1
1,1
1,1
1,1
1,1
1,1
1,1
1,1
1,1
1,1
1,1
1,1
1,1
11,1
1,1
1,1
1,1
1,1
1,1
1,1
1,1
1,1
1,1
7,1
7,1
1,1
1,1
1,1
18,2
18,2
18,2
18,2
18,2
2,2
2,2
2,2
2,2
2,2
1,2
16,2
2,2
8,2
2,2
8,2
2,2
18,2
2,2
2,2
18,2
2,2
18,2
2,2
2,2
2,2
2,2
2,2
2,2
2,2
2,2
2,2
2,2
19,3
17,3
19,3
3,3
3,3
3,3
3,3
3,3
3,3
3,3
3,3
3,3
3,3
3,3
3,3
3,3
3,3
3,3
3,3
3,3
3,3
19,3
3,3
3,3
3,3
3,3
3,3
3,3
4,4
4,4
5,4
4,4
4,4
5,4
5,4
5,4
4,4
4,4
4,4
4,4
4,4
4,4
4,4
4,4
4,4
4,4
12,4
4,4
4,4
4,4
4,4
4,4
4,4
4,4
4,4
5,5
5,5
5,5
5,5
5,5
5,5
5,5
5,5
5,5
5,5
5,5
5,5
5,5
5,5
5,5
4,5
5,5
5,5
5,5
5,5
5,5
5,5
5,5
5,5
5,5
5,5
5,5
5,5
6,6
6,6
6,6
6,6
6,6
6,6
6,6
6,6
6,6
6,6
6,6
6,6
6,6
6,6
6,6
0,6
0,6
0,6
6,6
6,6
6,6
6,6
6,6
6,6
6,6
6,6
6,6
7,7
7,7
7,7
7,7
7,7
7,7
7,7
7,7
7,7
7,7
7,7
7,7
7,7
7,7
7,7
1,7
7,7
7,7
7,7
7,7
7,7
7,7
1,7
1,7
8,8
8,8
8,8
8,8
8,8
8,8
8,8
9,8
8,8
8,8
8,8
12,8
8,8
8,8
12,8
8,8
8,8
8,8
8,8
8,8
8,8
8,8
8,8
8,8
8,8
8,8
8,8
8,8
14,8
9,9
9,9
9,9
9,9
9,9
9,9
9,9
9,9
9,9
9,9
9,9
9,9
9,9
9,9
9,9
9,9
9,9
9,9
9,9
9,9
9,9
9,9
9,9
9,9
9,9
9,9
11,10
11,10
10,10
10,10
10,10
10,10
10,10
11,10
11,10
10,10
10,10
10,10
10,10
10,10
10,10
10,10
10,10
10,10
10,10
10,10
10,10
10,10
10,10
10,10
10,10
10,10
10,10
10,10
10,10
10,10
10,10
10,10
11,11
11,11
11,11
11,11
1,11
11,11
3,11
10,11
11,11
11,11
11,11
10,11
11,11
11,11
11,11
11,11
11,11
11,11
11,11
11,11
11,11
11,11
11,11
11,11
11,11
11,11
12,12
12,12
12,12
12,12
12,12
12,12
12,12
12,12
12,12
12,12
12,12
12,12
12,12
12,12
12,12
12,12
12,12
12,12
12,12
12,12
12,12
12,12
10,12
8,12
12,12
12,12
12,12
12,12
8,12
12,12
10,12
12,12
12,12
13,13
13,13
13,13
13,13
13,13
13,13
13,13
13,13
13,13
13,13
13,13
13,13
13,13
13,13
13,13
11,13
12,13
14,13
5,13
25,13
13,13
13,13
13,13
13,13
13,13
13,13
21,13
13,13
13,13
14,14
14,14
14,14
14,14
14,14
14,14
14,14
14,14
14,14
14,14
14,14
14,14
14,14
14,14
14,14
8,14
14,14
8,14
14,14
14,14
9,14
14,14
14,14
14,14
14,14
14,14
15,15
15,15
15,15
15,15
15,15
15,15
15,15
15,15
15,15
15,15
19,15
15,15
15,15
15,15
15,15
9,15
15,15
15,15
11,15
15,15
15,15
15,15
15,15
15,15
15,15
15,15
15,15
15,15
16,16
16,16
16,16
16,16
16,16
16,16
16,16
16,16
16,16
16,16
16,16
16,16
16,16
8,16
16,16
16,16
16,16
16,16
16,16
16,16
16,16
16,16
16,16
16,16
16,16
16,16
16,16
16,16
16,16
16,16
16,16
16,16
17,17
17,17
17,17
3,17
17,17
17,17
17,17
17,17
17,17
17,17
17,17
17,17
17,17
17,17
17,17
17,17
17,17
17,17
17,17
17,17
19,17
17,17
17,17
17,17
17,17
17,17
17,17
17,17
17,17
17,17
17,17
17,17
17,17
17,17
17,17
17,17
18,18
18,18
18,18
18,18
18,18
18,18
2,18
5,18
18,18
18,18
18,18
18,18
18,18
18,18
18,18
24,18
18,18
18,18
18,18
18,18
18,18
18,18
18,18
18,18
18,18
18,18
2,18
2,18
18,18
2,18
18,18
19,19
19,19
19,19
19,19
19,19
3,19
3,19
3,19
19,19
19,19
19,19
19,19
9,19
19,19
19,19
19,19
19,19
19,19
19,19
19,19
19,19
19,19
19,19
19,19
19,19
19,19
3,19
3,19
3,19
3,19
20,20
20,20
20,20
20,20
20,20
20,20
20,20
20,20
20,20
20,20
20,20
20,20
20,20
20,20
20,20
20,20
20,20
20,20
20,20
20,20
20,20
20,20
20,20
20,20
20,20
14,20
20,20
14,20
14,20
20,20
20,20
20,20
14,20
21,21
21,21
21,21
21,21
21,21
21,21
21,21
21,21
21,21
21,21
13,21
21,21
21,21
21,21
21,21
21,21
21,21
25,21
21,21
15,21
25,21
15,21
21,21
21,21
21,21
21,21
21,21
21,21
21,21
21,21
21,21
21,21
21,21
21,21
21,21
21,21
22,22
22,22
22,22
18,22
22,22
22,22
22,22
22,22
22,22
22,22
22,22
22,22
20,22
2,22
22,22
22,22
18,22
22,22
22,22
22,22
22,22
22,22
22,22
22,22
22,22
22,22
18,22
14,22
23,23
23,23
23,23
23,23
23,23
23,23
23,23
23,23
23,23
23,23
23,23
23,23
23,23
23,23
23,23
23,23
23,23
23,23
23,23
23,23
23,23
23,23
23,23
23,23
23,23
23,23
27,23
23,23
23,23
24,24
24,24
24,24
24,24
24,24
18,24
24,24
24,24
24,24
24,24
24,24
24,24
24,24
24,24
24,24
24,24
24,24
24,24
24,24
24,24
24,24
24,24
24,24
24,24
24,24
24,24
24,24
24,24
25,25
25,25
25,25
25,25
25,25
25,25
25,25
25,25
25,25
25,25
25,25
25,25
25,25
25,25
25,25
25,25
25,25
5,25
25,25
25,25
25,25
25,25
25,25
25,25
25,25
25,25
25,25
25,25
25,25
25,25
26,26
20,26
26,26
26,26
26,26
26,26
26,26
1,26
26,26
27,26
9,26
26,26
26,26
26,26
26,26
26,26
26,26
26,26
26,26
26,26
26,26
26,26
26,26
26,26
26,26
26,26
26,26
26,26
26,26
26,26
26,26
26,26
26,26
26,26
26,26
26,26
26,26
26,26
27,27
27,27
27,27
27,27
27,27
27,27
27,27
27,27
27,27
27,27
27,27
27,27
27,27
27,27
27,27
27,27
27,27
27,27
27,27
27,27
27,27
27,27
27,27
27,27
27,27
27,27
27,27
27,27
27,27
27,27
27,27
27,27
27,27
27,27
27,27
